AAPL	AMZN	GOOG	GOOGL	JNJ	META	MSFT	NVDA	TSLA	UNH
-0.06454286280142263	0.06979521994196047	0.03789503509297987	0.03789504732458182	0.035561388709435926	0.1394404156189719	0.019717835575356224	0.008195633654595635	0.03893033696692805	-0.0012819628294125085
-0.07815373091947175	-0.01744602329191991	0.07049927549405433	0.0704992874975705	0.044933697886748725	-0.07398184165738786	0.020710101443156992	0.007672251709449629	0.061887833063126285	0.032257706111695095
-0.031595428382188206	0.007816273719604139	0.0407632747674187	0.0407632674422338	0.04841974593236342	-0.0456208909283502	0.020619890897987325	0.022023692842252585	-0.0086526013249828	-0.0199712784881817
-0.049963666297361375	-0.010107778156541403	-0.02637956537924624	-0.026379556805427362	0.056268836124713895	-0.007398134170892634	0.06147297686599562	0.013314420103913926	0.2481563310447772	0.11616208695593921
0.06866959013092333	-0.0013096945564531337	0.100743572022022	0.10074355940837587	0.038584145655045976	-0.01747583016886678	0.14138008682571357	0.12051782382302245	0.7605340154220102	0.016859757194682023
-0.04510889962462017	0.04329299968957789	0.0007064639201450618	0.0007064716654394676	-0.012031716320349162	-0.08412066213487845	0.02291574553289144	0.001473036670970096	0.23441795036405777	0.034534139577816925
0.008505161638259429	0.09075021551321338	0.02754063746662405	0.027540636690002396	0.06571709942730997	0.16569342955244237	-0.028356200553349642	0.0018798984212180514	0.2256607091999432	0.08627997701734524
0.13559529791879954	-0.02616802808746599	-0.029258452109838573	-0.029258454022070612	0.00133677837824564	0.3882583002265485	-0.030281271089538042	0.034088525934386826	0.2212806601342061	0.04403018606465037
-0.008195260682264616	0.046629467010407044	0.011716387876113066	0.011716393544470849	-0.0193638564299925	0.18101024590737058	0.003714311330282438	0.052260822404101015	0.15667959874139492	0.013403167722031872
0.05114762226164826	0.0697170802325966	0.06031744319972665	0.060317432187856124	0.020716303794952706	0.10379220974561609	0.05714864408668974	-0.004451028656502709	0.004109216617505629	-0.03043958137332059
0.044528846541755485	0.11920462401906762	0.0981785690093826	0.0981785740135841	0.0485259993782956	-0.06202991367942612	0.08998559510916904	0.0024312207404482145	-0.21427356979162993	0.009927065796757395
0.06772248994745067	0.07308752143960806	0.05189525650821247	0.05189525541832096	-0.011389786288589998	0.10958506440626636	0.007036566462733873	0.008800972226773673	0.05503200995097912	0.026607145746097016
-0.03968835578429408	0.008599476832424457	0.04797690461855164	0.047976914797966286	0.00018512725824426646	0.08289098946066087	-0.029507904629094583	0.017519638185950148	0.13287690210672332	0.006066308041506652
-0.015245285876765102	-0.10263421657687244	0.047344908393263774	0.04734490758354393	-0.017306379602836097	0.16586591583073385	0.02820061358404824	0.09566686604691599	0.2558412890671917	-0.009827392319777917
0.013516830989060091	0.02340607282561602	-0.006285652378072437	-0.006495749783009264	0.045311547488358306	0.010890492771415516	0.050888706287155916	0.05600754880599634	0.1316527281752291	0.0873001470901773
0.014740768952282712	-0.11303255671601031	-0.08587003299498153	-0.07646717616823806	0.04781925188804914	-0.11158585149533196	0.029473915247187232	0.021194292486662825	-0.10662407188367884	-0.007345481550972477
0.1195770650665684	-0.0581007828178155	-0.011064661433973	-0.0065492881805583325	0.018204926548662348	0.008060782578255044	-0.0009735437003848268	-0.007353710147552817	-0.04135307678967237	-0.013698002760509587
0.06770872963901198	0.07136243791511299	0.04564551496668812	0.044756505387512746	0.035116549917673545	0.07921035068369253	0.03886954729676373	0.03364833775370002	0.1000844164022685	0.04194357415727423
0.040707902850068756	0.0472797916562111	0.04581627246985276	0.0444277318129751	-0.0015927672868060183	0.0645251774450839	0.044791014216222225	-0.022900356833534197	0.016331437622363554	0.04507009074483004
0.0335678904583272	-0.03702995968470313	-0.01783345509383849	-0.015439760553795479	-0.012580804619976793	0.07153517107831786	0.026986562369977207	0.013479675091815357	0.1448703245781524	-0.013462960272205615
0.022389060356271973	0.009103916950669477	0.01444974787425024	0.01507172076397012	0.04221906299100908	0.044703399580816816	0.05230892376736529	0.024127436405241065	0.03647803656414794	0.056545000995589456
0.01144711787709407	-0.06630541724726702	-0.059906686387899866	-0.0584095847107714	-0.032045423944463636	-0.009554412485390795	-0.026206268905730523	-0.05958588464944159	-0.09636903754891535	0.011143327372909129
0.11801753316202279	0.03332226136746086	-0.00740746634592937	-0.008966597907341223	0.059329086643615137	-0.021455240490350413	0.07382791841222613	0.11777543850987438	0.030083417763542508	0.09472278219505892
-0.007063153022018764	-0.031066653097196695	-0.03379710062113406	-0.04226092528006453	-0.015521715657976332	0.03725456874916122	-0.01524924883613965	0.016787763647082565	-0.11323480782221007	0.048702749720218375
-0.015744506697684346	-0.019558219085659245	-0.02327143390879227	-0.025082863523797627	-0.026114542125514895	-0.012408417902300406	-0.04167293461590682	-0.02826108675895056	-0.07045534661338793	0.05029868529112225
0.1374846868763686	0.24111764156385207	0.04990867857792525	0.04858566444392576	-0.021789884940195958	0.002992024402711513	-0.05026528195652602	0.0813834889897187	0.03649424352646835	0.045915847262839815
0.004887077596234857	-0.0011281509502056863	0.04038026332525968	0.04617517994914033	0.006493117634097656	0.05278849086259041	-0.018381725634192603	0.04853153382689057	-0.07573330823452595	0.056456356906673166
0.010482738234122602	0.05033418037255499	-0.03382292326599157	-0.02912460611953005	-0.006968606804317878	0.013309507583442182	0.03168266937531561	-0.012838498912542518	0.08675744100364224	0.012601193781929698
0.014939919747494645	0.0829872541510055	-0.007538347043743232	-0.0032865075012652456	0.01153363212059233	-0.032542102437686404	0.09630729000110305	-0.027185303176493703	0.1446475218857568	-0.00374394115199439
-0.006598457398699131	0.013285732957162955	-0.004340296295166968	0.005697369480956116	-0.016761722430513326	0.048648155125702086	-0.029169620697414134	0.0016717654419662331	0.061024211385979354	0.021707436425431936
-0.019336710312233052	0.10658713560412925	0.10729222772134483	0.12103952725863554	0.004700484614418077	0.10531916790881746	-0.007664179002708438	-0.07598485459900906	0.03734498798994501	0.01814656883675525
-0.09177396461589271	0.08304765978811579	0.07921531158734108	0.08128743087576296	-0.016363592804045646	-0.0030028633430487783	0.0007157672356203904	0.12259641175832137	-0.08270483191526634	-0.016796686480730183
-0.004609751185799871	0.004804476776265831	-0.029683100587431954	-0.02975863804207557	-0.04269530126325305	-0.003621550681212393	-0.039342594463850356	0.03393956281771482	0.03416765592856219	-0.010706651990714078
0.004985802195864419	0.08789129207468238	0.07388801529048505	0.06756351223630186	0.0453473929480801	0.06214971180975182	0.1179822801693442	0.1806152016377225	-0.12227246933924629	0.009036016009956072
0.046136381949957395	0.16048241103882677	0.10819252862955886	0.09844988429027501	0.04947694339457942	0.09100685132375697	0.10980621232291221	0.12519766410426247	-0.004958619792632235	-0.037607330688835594
-0.05384060959639614	0.01758682657812205	0.02715032037598597	0.015008436425225868	0.015840803538747394	-0.005605404762889066	0.03183668160900033	0.08633638323926962	0.042057833284414814	0.02970691794823388
-0.11902125963697507	-0.10190428327182388	-0.04879662573774868	-0.04459321705080721	-0.03782460454187064	-0.06066803384822683	-0.05401530283191558	-0.11288170793359054	-0.1112634579131574	-0.03771487231796866
-0.022766055234558435	-0.11719528158368231	-0.02199983583697873	-0.016652046614917704	0.04853824673531104	0.07010250551040453	-0.015983416020612373	-0.02091880207690122	-0.17056973589693403	0.027227228948255577
0.0898754254592038	0.07868925056179421	0.03467795320553102	0.030918804781724374	0.04357444428552215	0.04587810309549356	0.04268866703370766	0.16832231234867723	0.2739274423884752	0.08391159478903742
0.02370609038522664	0.07201617940125749	0.013447357786817049	0.013151405056950116	0.03240852142092532	0.010415474689531079	0.012554231171314711	0.08811992201849672	0.16105582248668893	0.038166740866290016
-0.10556668653779655	0.1367019221562764	-0.03345523461131139	-0.03975509770317043	0.02267738173886169	0.05834204456115333	-0.05390561971959096	0.11634376790694656	-0.13677624936738875	0.014011061924794177
0.01822123634676709	0.02712166609803024	-0.007998636123321856	-0.009558497781214537	0.03384111344622509	-0.026895120142112594	0.0026534163461915394	0.1587414232308264	-0.008284572840888793	0.052318086232541194
0.020018438686492113	0.0350047170015686	0.027223653450555885	0.02986236499641448	0.06198840845295073	0.033821211813528596	0.06249017381479516	0.12792919420579185	0.03975025615850303	0.02747799004255036
0.09758319818169148	0.03152077535400699	0.06899906988415072	0.07979842068348852	-0.014394910169932218	0.04440125900732461	0.07029848086979107	0.14625398328555717	0.0015907827792653872	-0.00499508619558775
0.03035589710125297	0.031544032710831615	-0.0028022279370240044	0.0017638165141014017	-0.020679391543628522	0.03249161302895076	-0.004467606166021598	0.052942756488201015	-0.09599847547790397	-0.021829013057947377
0.04374997678546855	0.04496244166190477	0.01916961902041514	0.014992830706317406	-0.01588168559989278	0.00930791897639427	0.01934199473103737	0.07221684911260717	-0.002832341165193153	0.016117700047843186
-0.04357414698319362	-0.07411561444581882	-0.02766007102599244	-0.03552407085221865	-0.008271276452063603	-0.06957672461909559	0.02981883115594064	0.21828878207149827	-0.06210584024761001	0.060428765076333324
0.038471298257441555	-1.3107486049990236e-5	0.020257826076024	0.02024640983212289	-0.006298416821325259	-0.021898847144951494	0.03988714867579035	0.2017275307221702	0.06024201616022418	0.09025838431679345
